camera_matrix:
   rows: 3
   cols: 3
   dt: d
   data: [ 1044.444444444444, 0., 375.5,
           0., 1044.444444444444, 290.5,
           0., 0., 1. ]
dist_coeff:
   rows: 1
   cols: 5
   dt: d
   data: [ 0., 0., 0., 0., 0. ]
