camera_matrix:
   rows: 3
   cols: 3
   dt: d
   data: [ 828.352255812449, 0., 304.811522044663,
           0., 899.841568424356, 351.547444371939,
           0., 0., 1. ]
#   data: [ 900.0, 0., 359.5,
#           0., 900.0, 287.5,
#           0., 0., 1. ] # simulation

dist_coeff:
   rows: 1
   cols: 4
   dt: d
#   data: [ -0.392459623177277, 0.784503104058607, -0.00752645965126984, 0.00592803532477369]
   data: [ 0., 0., 0., 0. ] # simulation
